1.228015606030624127e+06 1.119559032763828058e+06 9.979191043009470450e+05 9.169884106274126098e+05 8.266796950097773224e+05 7.618496901382831857e+05 7.017947972175428877e+05 6.512573593151712557e+05 6.146697037577541778e+05 5.870977890007630922e+05 5.675069244549014838e+05 5.561625878372300649e+05 5.556837570265191607e+05 5.713855037588106934e+05 5.743887722990165930e+05 6.029997418499169871e+05 6.194934454006311717e+05 6.508756005871091038e+05 6.902353846508860588e+05 7.218736530533391051e+05 7.625757981196419569e+05 8.187658426659852266e+05 8.472550126983224181e+05 9.146128482267119689e+05 9.657601632622547913e+05 1.000767614620190463e+06 1.076101018827175023e+06 1.121239861310462002e+06 1.185001303273101104e+06 1.237659624629699625e+06 1.309184399145098636e+06 1.383776498083514627e+06 1.402295840244084131e+06 1.493849044438631972e+06 1.528443951545179589e+06 1.600495072110158624e+06 1.653266935875282390e+06 1.721199482905791141e+06 1.802847435279670171e+06 1.875787649390055100e+06 1.888241423862606520e+06 1.949696664789343718e+06 2.003831154086014256e+06 2.057545775772558991e+06 2.119906237848035991e+06 2.201849485037033446e+06 2.218163811970158946e+06 2.305296681350056082e+06 2.345429291823315434e+06 2.384356357246762607e+06
1.166167265200365568e+06 1.041141578007570119e+06 9.394815706029649591e+05 8.314958795324115781e+05 7.466663257192845922e+05 6.740500108455286827e+05 6.092312298875274137e+05 5.556434465651880018e+05 5.106013088637882611e+05 4.790157347878506407e+05 4.603053105578477262e+05 4.465561241412065574e+05 4.447045919605628005e+05 4.585014583350915345e+05 4.720202700589025626e+05 4.917798529517702409e+05 5.145635341997182695e+05 5.598009195740566356e+05 5.941697268409798853e+05 6.498360514689480187e+05 6.829378674379480071e+05 7.325760830217127223e+05 7.973875022066109814e+05 8.526620625744834542e+05 9.263816967341843992e+05 9.750927513557823841e+05 1.038030136392410262e+06 1.092592764692512807e+06 1.183085577906966209e+06 1.218583532089822460e+06 1.314938555190996500e+06 1.379637307500108844e+06 1.425370038393868133e+06 1.488840038053786149e+06 1.566187383897132706e+06 1.629626251428799471e+06 1.672618500718271360e+06 1.776767930317546241e+06 1.853540816983574536e+06 1.919664555442225421e+06 1.951108499352253275e+06 2.026154862432385795e+06 2.088591616186627420e+06 2.156454030021772254e+06 2.223245158853241242e+06 2.306719425349163823e+06 2.370475248889626935e+06 2.414829851429325063e+06 2.475569948763164692e+06 2.576232888532985002e+06
1.116788929206680972e+06 1.000302234847392072e+06 8.892977541217071703e+05 7.824299153980182018e+05 6.650419365730585996e+05 5.924464461877084104e+05 5.247029200307959691e+05 4.538407377272179583e+05 4.123661127375166398e+05 3.912093050060050446e+05 3.626854636547584087e+05 3.532699057854007697e+05 3.491314763132955413e+05 3.633128424358837656e+05 3.758192917421127786e+05 4.056114569785914500e+05 4.220613434220550698e+05 4.746498052446302027e+05 5.258794035534358118e+05 5.724072498597160447e+05 6.191166736026665894e+05 6.569436541106883669e+05 7.227789330633275677e+05 8.071826589513641084e+05 8.754131104557940271e+05 9.285842007388385246e+05 9.903224627507089172e+05 1.089976162500835955e+06 1.164918644512168830e+06 1.237918981269845739e+06 1.287846318080148194e+06 1.388173070034926990e+06 1.437277400607681833e+06 1.522030348417716566e+06 1.606827046256967820e+06 1.714154405238960637e+06 1.747636963346843841e+06 1.862395003422192065e+06 1.896848976656480692e+06 1.993293217114229919e+06 2.088202584369906690e+06 2.143289975457783788e+06 2.268115744541556574e+06 2.310656221687458921e+06 2.398680042523884680e+06 2.437920964802481234e+06 2.514170903763638809e+06 2.567565954973348416e+06 2.664813532148489263e+06 2.762821122803854756e+06
1.063302805358375888e+06 9.504428765925125917e+05 8.152677562210028991e+05 7.078619119675727561e+05 6.033270363305540523e+05 5.173534199522067793e+05 4.397645638368120417e+05 3.851298674117373303e+05 3.331773434806030127e+05 2.954662470895511215e+05 2.762744082048275741e+05 2.643006458181314520e+05 2.645044314230564632e+05 2.739573706630654633e+05 2.926157007610324072e+05 3.287049242039273377e+05 3.586219673815027345e+05 4.159602113794566249e+05 4.475900116504835896e+05 5.027890934816874797e+05 5.622818529929083306e+05 6.442513457029942656e+05 7.180890843270545593e+05 7.954602716683864128e+05 8.403703306801390136e+05 9.203752015131859807e+05 1.008168567684304086e+06 1.106057904821320204e+06 1.163695069243954727e+06 1.256164449600260239e+06 1.320231065514545655e+06 1.419604389383988921e+06 1.530151617059248500e+06 1.593338392517776228e+06 1.663831134960316354e+06 1.763508393113478553e+06 1.855004661084972089e+06 1.913049660855354043e+06 2.014135413752872963e+06 2.124775498440613970e+06 2.214844584679882042e+06 2.303623012200630736e+06 2.380607245162545703e+06 2.495402297528218478e+06 2.539891023075056728e+06 2.641187609018960502e+06 2.687824721084927209e+06 2.789441150840474758e+06 2.844303294613388367e+06 2.935590121774152387e+06
1.037561313319268404e+06 9.065832625542616006e+05 7.773425686558868038e+05 6.546063913903522771e+05 5.417162812401511474e+05 4.565997609280147590e+05 3.785691325459233485e+05 3.205977292819099966e+05 2.656644412020597374e+05 2.306536131469549437e+05 2.032878380552735762e+05 1.905660025890175311e+05 1.918683302631310362e+05 2.005852580536036112e+05 2.281752529115732759e+05 2.633720162642895011e+05 3.020692701677792356e+05 3.584635896717324504e+05 3.961339571563330246e+05 4.752065291859679273e+05 5.281358834932994796e+05 6.169006777826746693e+05 6.876459272311287932e+05 7.789095335598330712e+05 8.359316246898868121e+05 9.081380940705210669e+05 1.036815850010910188e+06 1.121139326323865913e+06 1.202902641812028829e+06 1.277485204379806295e+06 1.387914646076624282e+06 1.483012387585775694e+06 1.562085039172008401e+06 1.675122130918049719e+06 1.754140549289321294e+06 1.880472132818969199e+06 1.967723604702009354e+06 2.044151682399252197e+06 2.170163790270680096e+06 2.260202838470862713e+06 2.327648142700425349e+06 2.439145518545619212e+06 2.515531843362666667e+06 2.652992923349097371e+06 2.725614902511878870e+06 2.810361305786859710e+06 2.963999630184302572e+06 3.066523113323738798e+06 3.082829024874257855e+06 3.191522243201932404e+06
1.004654717241814593e+06 8.612335074558802880e+05 7.452977309069607873e+05 6.209987721995480824e+05 5.059688892820022302e+05 4.062747595535180881e+05 3.305078652958725579e+05 2.494009836954085913e+05 2.068778431587712839e+05 1.700893771724001563e+05 1.425639989179815457e+05 1.312088663460969110e+05 1.278320594555916614e+05 1.465250914421715715e+05 1.636015679046932200e+05 2.105376780509405071e+05 2.458366159256181854e+05 3.098318675454235636e+05 3.671884511010728893e+05 4.476604165278277360e+05 5.009039456568281166e+05 5.891599466846354771e+05 6.789609741100877291e+05 7.577380657276002457e+05 8.538054648582610535e+05 9.312423266146134119e+05 1.043402434617401101e+06 1.143570766290948726e+06 1.240219334676619619e+06 1.315333678495180560e+06 1.479307556978320936e+06 1.561166977971321903e+06 1.664439145086163888e+06 1.756406621259316569e+06 1.883641025656961370e+06 1.986560388099753996e+06 2.087794789175550453e+06 2.188613705809353385e+06 2.289728264359872323e+06 2.413832854890025686e+06 2.517564052719858941e+06 2.605893596261575352e+06 2.791438308313829359e+06 2.864305486501695588e+06 2.948030733199670911e+06 3.059899868307692464e+06 3.164715989802468568e+06 3.271514465360944159e+06 3.354166127693212125e+06 3.467713149623109028e+06
9.823551406388996402e+05 8.210815515972923022e+05 7.021919752649415750e+05 5.649153658408485353e+05 4.613822814953794586e+05 3.729247892804008443e+05 2.822134650750207365e+05 2.130252256746134663e+05 1.547243784632216848e+05 1.235569827067052247e+05 9.167025618454375945e+04 7.994572846620748169e+04 8.632780667008472665e+04 9.622336732237818069e+04 1.302819259406016645e+05 1.658855596056825598e+05 2.202459948906473874e+05 2.876104667099359212e+05 3.404278734043559525e+05 4.177844758215461043e+05 4.891404230915076914e+05 6.026282658832229208e+05 6.776447500978689641e+05 7.711390569347895216e+05 8.835973906232176814e+05 1.000951020719014457e+06 1.071159103492800379e+06 1.195240359719971893e+06 1.327556414476996986e+06 1.436865670584808569e+06 1.526757906117941951e+06 1.638416774766475428e+06 1.781434559547919780e+06 1.912416171624652576e+06 1.972853993528144434e+06 2.122194650232984219e+06 2.253594950526979286e+06 2.344411993186203297e+06 2.498801171609641053e+06 2.559441060290376190e+06 2.681898437752371654e+06 2.856992548010703642e+06 2.970833604732859414e+06 3.064482917176525574e+06 3.168918093291463796e+06 3.294063363675267436e+06 3.452791220250166021e+06 3.525271690768688451e+06 3.634703875636613928e+06 3.756982443468374200e+06
9.431962619717834750e+05 8.052248484237720259e+05 6.722367789276859257e+05 5.445629521853408078e+05 4.332966707827972714e+05 3.298401336068327655e+05 2.350668692589164712e+05 1.725898728150484094e+05 1.139076843081841653e+05 7.742547161467697879e+04 5.188473166231105279e+04 4.430139160782725230e+04 5.104626198706047580e+04 7.143201810938563722e+04 1.030002990531620308e+05 1.460394512809723092e+05 1.902152134766487870e+05 2.619685051284004585e+05 3.328672379228848149e+05 4.330747394732471439e+05 5.211514804010060616e+05 6.072015157869805116e+05 7.099539514723096509e+05 8.181264823788388167e+05 8.925679810716885841e+05 1.050807748281434877e+06 1.200267201541876420e+06 1.273906498528291471e+06 1.364304679417058360e+06 1.562377731124266284e+06 1.631045115541989915e+06 1.753173978503343882e+06 1.870256994891447714e+06 2.117093182208534330e+06 2.160527398965580855e+06 2.267095887373532634e+06 2.414826766979625914e+06 2.546119287943774369e+06 2.649585904540527146e+06 2.812154113953980617e+06 2.949233602454815060e+06 3.078302236085919663e+06 3.240963748692121357e+06 3.315733039739131462e+06 3.405996819226288237e+06 3.625240687604301143e+06 3.725288572083723731e+06 3.834406878282037564e+06 3.936917314467538614e+06 4.075381570567025337e+06
9.279413016808968969e+05 7.944999542826622492e+05 6.426929407390849665e+05 5.197499404780289042e+05 4.113200810832155985e+05 3.106974008663168061e+05 2.122493689079406031e+05 1.372851962067506975e+05 8.790192244374792790e+04 4.682617820132857742e+04 2.343297118633439459e+04 1.934842555022789020e+04 2.644701880530616472e+04 5.577573649342053977e+04 7.997407184017237159e+04 1.392622258889433870e+05 1.895993011511263612e+05 2.677142683729177807e+05 3.496994147121364949e+05 4.278547154710788163e+05 5.329706154207087820e+05 6.404436802575602196e+05 7.209685486849778099e+05 8.732496788613530807e+05 9.485666014796424424e+05 1.114962045181434834e+06 1.233136185700448463e+06 1.371935072847188218e+06 1.481155790048936149e+06 1.649300836821677862e+06 1.747527177385355346e+06 1.941263309312669327e+06 2.037632516538327327e+06 2.219868420230387244e+06 2.338267323365584947e+06 2.452903563701548148e+06 2.613389363518893719e+06 2.719884519565995783e+06 2.911723259025822394e+06 3.002583005818127189e+06 3.164944996451939922e+06 3.340802473628777079e+06 3.431051221056834795e+06 3.632309878378676251e+06 3.755271879351058044e+06 3.849389784635595046e+06 4.011556474616093095e+06 4.156172482779619750e+06 4.239897211182731204e+06 4.389550939034461044e+06
9.170992787611900130e+05 7.487547742829937488e+05 6.331689718948705122e+05 5.059198041383078089e+05 3.985990637091202079e+05 2.837119353303622920e+05 1.990094824911569594e+05 1.213740803408437350e+05 6.902340145465593378e+04 3.502657991517024493e+04 9.391538547771951926e+03 3.952857980645904263e+03 1.223348441575010838e+04 3.633989539584652812e+04 7.732710944627059507e+04 1.246323293532501848e+05 2.054176578404572210e+05 2.760254129252206185e+05 3.698307710413304740e+05 5.007675021177827148e+05 5.648835184779530391e+05 6.878076534464210272e+05 7.967154066118118353e+05 9.611465896912785247e+05 1.033620952527585556e+06 1.191625394460198469e+06 1.336121100199236767e+06 1.467621679470569594e+06 1.619644582272159401e+06 1.741437805152400164e+06 1.896674175665028393e+06 2.117524061781207100e+06 2.194671167757431045e+06 2.341286651320093311e+06 2.512914307538280264e+06 2.624762348588828929e+06 2.796494489088935312e+06 3.001948673504917417e+06 3.153798704452264123e+06 3.331189886685960926e+06 3.456192941254961304e+06 3.586104418332559522e+06 3.732138781668982003e+06 3.906179425217396580e+06 4.095080252823327202e+06 4.210653647241120227e+06 4.395969312280976214e+06 4.518840430266258307e+06 4.725802328379499726e+06 4.833178228500193916e+06
9.033471005127914250e+05 7.591146066070973175e+05 6.305834968430532608e+05 5.114146319830399589e+05 3.778434615884275991e+05 2.585894282774111489e+05 1.899530827051381639e+05 1.251176632385353441e+05 6.336670377699401433e+04 2.323912101985355548e+04 3.634714018578973537e+03 8.080620775083166336e+02 1.327136697972528054e+04 5.379360880392070248e+04 8.629578306130881538e+04 1.428908761716471054e+05 2.353348184495754831e+05 2.790619162546039443e+05 4.029894450249345391e+05 5.124686687343729427e+05 6.253819710998112569e+05 7.572926201421228470e+05 8.785493198113885010e+05 9.790762850740144495e+05 1.181580523923269473e+06 1.342923893927366007e+06 1.450115001536306459e+06 1.555900265824742382e+06 1.767975481609319104e+06 1.912273551577456295e+06 2.081903215550553286e+06 2.244356135774952359e+06 2.381076754168301355e+06 2.531513384924528189e+06 2.733133189094458241e+06 2.947436224682506174e+06 3.057793024349472020e+06 3.227187461981774308e+06 3.405856864759089891e+06 3.592648362490436528e+06 3.784657154104487970e+06 3.889146883466953412e+06 4.103183499674498104e+06 4.210211074937580153e+06 4.389110501481803134e+06 4.600845710069759749e+06 4.763797028062439524e+06 4.937973923883785494e+06 5.091859095513641834e+06 5.180957083795391954e+06
9.054434681507617934e+05 7.656185271234025713e+05 6.071452932107564993e+05 4.959815571075849584e+05 3.770109331827799906e+05 2.750120096807946102e+05 1.912821674038279743e+05 1.205466143247151340e+05 5.785058429051786516e+04 2.806955519769733655e+04 9.785112395038513569e+03 1.134658542902411864e+04 2.908282742339897595e+04 7.489997225809814699e+04 1.226866733669066598e+05 1.912461274776711653e+05 2.652941049682075973e+05 3.470554135304381489e+05 4.568605751438753796e+05 5.446096313661520835e+05 6.930288190082192887e+05 8.312087362518869340e+05 9.788822354413949652e+05 1.108294013976606540e+06 1.243317657674850896e+06 1.410137372902018484e+06 1.546481603046435630e+06 1.754753628615280613e+06 1.918892818081352161e+06 2.096957123591303593e+06 2.265041767575258855e+06 2.457436819343491457e+06 2.564459189771459904e+06 2.752848549483417068e+06 2.931383303583159577e+06 3.152123120398590341e+06 3.279878131363693625e+06 3.559045378569783643e+06 3.679133700273293536e+06 3.853818467722291593e+06 4.067119130408474710e+06 4.259247130356729031e+06 4.404432677796170115e+06 4.525550108173134737e+06 4.759773362016990781e+06 4.936083109039371833e+06 5.056517122191886418e+06 5.394280583691120148e+06 5.543530929261428304e+06 5.708370765387097374e+06
8.871136846632093657e+05 7.625776486791446805e+05 6.196169911779104732e+05 4.953992532020151848e+05 3.828234121789984638e+05 2.990488148775922018e+05 1.965667718608595314e+05 1.256242737913476303e+05 7.791779155938954500e+04 4.194485462704441306e+04 3.101642034781072653e+04 2.955741841397914686e+04 4.693255073709193675e+04 9.194482373246991483e+04 1.603294490210252116e+05 2.194937130292699730e+05 3.133458022085527773e+05 3.984274847354404046e+05 5.047026833805223578e+05 6.362753940046728821e+05 8.239328871049353620e+05 9.272199875898876926e+05 1.047233311615972663e+06 1.234975957479123957e+06 1.386942769690996036e+06 1.564983830970751122e+06 1.733727941525937989e+06 1.878474879428902874e+06 2.106815652420255356e+06 2.292285868170364294e+06 2.419206715430485550e+06 2.684970854788701516e+06 2.857399214097931515e+06 3.028891574073381256e+06 3.213492198795626406e+06 3.535686585857520811e+06 3.565895712926071603e+06 3.887852674054074101e+06 3.995833271843509283e+06 4.155954151964281686e+06 4.397220442377823405e+06 4.558187405351726338e+06 4.729665266724516638e+06 4.927536379348830320e+06 5.119717164685755968e+06 5.363427348997026682e+06 5.518952893811020069e+06 5.777708024693331681e+06 5.936935079344274476e+06 6.029420839021549560e+06
8.942389906924999086e+05 7.692637018160700100e+05 6.242170037568889093e+05 5.122034147211178788e+05 4.007458756328377640e+05 3.142059791513374657e+05 2.065867694160320971e+05 1.546453978091441386e+05 9.401806313636517734e+04 6.543454004312222241e+04 5.482410413420289115e+04 6.863750318828996387e+04 8.435498139975499362e+04 1.406900796158082085e+05 2.139799683384174423e+05 2.814872620900467737e+05 3.701971526633661706e+05 4.798119313767760177e+05 5.906684876270371024e+05 7.294929307646085508e+05 8.400009831463337177e+05 1.047636492811926757e+06 1.196986991562949726e+06 1.326184201921548229e+06 1.533518563615343301e+06 1.642487827273128321e+06 1.898190619713197229e+06 2.047790669553208863e+06 2.274745248701725155e+06 2.525583652022694703e+06 2.694730110344673973e+06 2.920118560183131136e+06 3.093963592344675213e+06 3.292795707558753900e+06 3.586833665477423463e+06 3.664942507967085578e+06 3.812763320289537311e+06 4.049233707316475455e+06 4.348828324146456085e+06 4.506612739295087755e+06 4.797403824838290922e+06 4.946502137202804908e+06 5.268336017297832295e+06 5.310538003510466777e+06 5.623636949454548769e+06 5.874275787051924504e+06 6.042792465783018619e+06 6.220942978548960760e+06 6.418164138614733703e+06 6.669462379308344796e+06
9.003030597575112479e+05 7.591386427393305348e+05 6.236492699648456182e+05 5.216882373424202669e+05 4.038278956780559383e+05 3.412930995935319224e+05 2.458030896487304126e+05 1.654978322859220207e+05 1.308988877264252515e+05 1.037665942529561580e+05 9.457418044346130046e+04 1.083638247678830230e+05 1.394501765435813868e+05 1.925212512357845553e+05 2.648212567188509274e+05 3.255240144613172160e+05 4.556366550718239159e+05 5.930467286976820324e+05 6.879400274730877718e+05 8.481319158713907236e+05 9.429001761173814302e+05 1.212657301258987980e+06 1.351386044186814688e+06 1.449424052173152333e+06 1.651626755039318232e+06 1.881233809796594316e+06 2.064105741661092965e+06 2.328179519616807811e+06 2.485212968012799043e+06 2.690195284664573148e+06 2.969827752472098917e+06 3.164803726687618997e+06 3.348183410232827999e+06 3.565437156313524116e+06 3.772541995589864906e+06 4.011867429100497626e+06 4.256198488511773758e+06 4.494871900289009325e+06 4.647415139797944576e+06 4.870342936905344948e+06 5.099403112733819522e+06 5.439802854322068393e+06 5.490730890757779591e+06 5.844881665058525279e+06 6.053015951346806251e+06 6.286633672717819922e+06 6.438306656816366129e+06 6.664348235968367197e+06 6.988695547637776472e+06 7.017001172364794649e+06
9.073408285010734107e+05 7.687129754058201797e+05 6.527916362913083285e+05 5.421629374664174393e+05 4.270712603574800305e+05 3.544685182201226708e+05 2.813660714912232361e+05 2.188672723972077074e+05 1.698137879463319550e+05 1.467392747907829762e+05 1.424324586123010668e+05 1.631937625641596387e+05 1.988868146150104876e+05 2.464754196877367795e+05 3.488488665295912651e+05 4.441198752512079664e+05 5.336950342191196978e+05 6.694429548917370848e+05 8.245539571113981074e+05 9.693718655959295575e+05 1.116222495455420809e+06 1.300622549354913179e+06 1.465076654759220779e+06 1.635252091557733482e+06 1.813824026352253743e+06 2.013079489586585900e+06 2.247216578356751241e+06 2.495531275970677845e+06 2.679650105809096713e+06 2.953266366671860218e+06 3.190384357371997554e+06 3.392389301819470711e+06 3.714279504597860854e+06 3.863521329034680501e+06 4.118836066018196288e+06 4.334356196641205810e+06 4.615535528413194232e+06 4.896984802143643610e+06 5.036263334774487652e+06 5.350643782142763026e+06 5.447241706505510025e+06 5.803791357643776573e+06 6.052542991943260655e+06 6.354648935185542330e+06 6.503169109169785865e+06 6.753588829768395983e+06 7.086538672896247357e+06 7.173225269787495025e+06 7.476872699965170585e+06 7.763453444749950431e+06
8.953075009017402772e+05 7.845075339846235001e+05 6.765405494923486840e+05 5.775667671729833819e+05 4.591164661584945279e+05 3.887092364118450205e+05 3.299169611901127500e+05 2.749251603284073062e+05 2.277649578949491552e+05 2.036824149274516676e+05 2.013935210464717820e+05 2.286678105743330379e+05 2.638813577712993138e+05 3.277814803311807336e+05 4.278375558042363846e+05 4.954862140083797858e+05 6.336070319541558856e+05 7.600250570972163696e+05 9.618457820425992832e+05 1.062701319991152734e+06 1.246435925185048487e+06 1.457611432898328872e+06 1.662181395735082915e+06 1.884869733036480611e+06 2.028584491202740232e+06 2.243652408479284495e+06 2.501726226498717442e+06 2.709608625845230184e+06 2.964651914394134656e+06 3.183775769522577524e+06 3.440297188179203775e+06 3.675005782319277059e+06 4.019325521524078678e+06 4.212854560376311652e+06 4.494840292465128005e+06 4.702759598438248970e+06 4.983621155002878979e+06 5.225776527644821443e+06 5.497176073356118053e+06 5.640755382138713263e+06 5.788460622436677106e+06 6.231279910564652644e+06 6.489187909669378772e+06 6.777256865718592890e+06 7.090339730411957018e+06 7.206675755439176224e+06 7.555416778999776579e+06 7.828008939125427976e+06 8.043067894200558774e+06 8.237293318653019145e+06
9.158431283962291200e+05 8.093658746233781567e+05 7.052682153178345179e+05 6.049981754974520300e+05 5.125492216108351131e+05 4.391745611494607874e+05 3.805773740027713357e+05 3.293762867443008581e+05 2.930703435747805634e+05 2.739791014443967142e+05 2.865037167732306407e+05 3.139611859109561192e+05 3.693034744952742476e+05 4.392707282813520287e+05 5.124744559650394949e+05 6.374489230376514606e+05 7.563609119967489969e+05 9.238133856622825842e+05 1.044623823842589860e+06 1.199318213875625283e+06 1.395350166568647837e+06 1.587698238478423562e+06 1.804383000349738402e+06 2.073047408222625265e+06 2.227812808224497363e+06 2.476473036063638981e+06 2.680661891840111930e+06 2.980613970830823760e+06 3.289918919948635623e+06 3.478961370725505520e+06 3.764630858831567224e+06 3.920680546180461068e+06 4.302645249594288878e+06 4.556560680243575945e+06 4.863108754090237431e+06 5.036806307575189508e+06 5.385121510430893861e+06 5.610862614472272806e+06 5.916454708948452957e+06 6.071589650857671164e+06 6.358057171235034242e+06 6.734184632786545902e+06 6.999424292978980578e+06 7.236468215186683461e+06 7.359268707452443428e+06 7.809858592112218030e+06 8.068385046182349324e+06 8.339511956177788787e+06 8.462933669274453074e+06 8.885702798650078475e+06
9.158833334540337091e+05 8.262939906272792723e+05 7.349729250448180828e+05 6.315402773902124027e+05 5.670495261634557974e+05 4.775036944577778922e+05 4.254327213406207156e+05 3.785880052920541493e+05 3.589603048975025304e+05 3.420265809082587948e+05 3.663106019095697557e+05 3.904817275317227468e+05 4.467240478887009667e+05 5.281499620553217828e+05 6.344946385927386582e+05 7.583055488304519095e+05 9.115827838963629911e+05 1.026644642757026711e+06 1.165449525331665063e+06 1.426260609822018305e+06 1.593114662131296238e+06 1.721050540982821723e+06 2.016610792204001918e+06 2.256092794638661668e+06 2.523507508172075264e+06 2.792561297350896522e+06 2.914668054122330621e+06 3.327405321335648652e+06 3.474850470822439063e+06 3.783820471194516867e+06 4.029143468655842356e+06 4.442411320757105947e+06 4.674126417727257125e+06 4.936769536478242837e+06 5.066619900907841511e+06 5.468508278986342251e+06 5.845156146317275241e+06 5.908929309107202105e+06 6.304898396496314555e+06 6.679428280257432722e+06 6.923690979304556735e+06 7.269295646217887290e+06 7.503074625229104422e+06 7.776134540117313154e+06 7.987912796972633339e+06 8.351518340152307414e+06 8.662734982445670292e+06 8.977484246580494568e+06 9.248002496724411845e+06 9.461690640231098980e+06
9.539269739687510300e+05 8.810333071960633388e+05 7.665270083949428517e+05 7.033960037667307770e+05 6.225432667500009993e+05 5.493393241632706486e+05 5.006648228773094015e+05 4.518147761062663049e+05 4.327166961871850071e+05 4.373617803453804809e+05 4.646774251022288809e+05 4.937568317359157954e+05 5.631889381703706458e+05 6.414296263313053641e+05 7.389269458540865453e+05 8.997598822378859622e+05 1.024997324457758106e+06 1.212475422690641833e+06 1.343495205273061059e+06 1.620719586678689579e+06 1.810368440469198162e+06 2.041838883885296294e+06 2.204632482570629567e+06 2.517399877396854572e+06 2.689628663258649409e+06 2.893831901100232732e+06 3.251269924293532502e+06 3.589321662588992156e+06 3.794199430056957994e+06 4.159250373814898543e+06 4.328405782957418822e+06 4.703129563309462741e+06 5.010521454013485461e+06 5.374188997458125465e+06 5.502378664340182208e+06 5.911545418804700486e+06 6.184524589811899699e+06 6.443048356765666977e+06 6.688575113850050606e+06 7.043021599400685169e+06 7.242894530504758470e+06 7.655731185845361091e+06 8.023445936758794822e+06 8.272503503218157217e+06 8.684306150764226913e+06 9.037485656830627471e+06 9.242904374760918319e+06 9.490364224913537502e+06 9.859542048060774803e+06 1.019119914971367456e+07
9.627988898534167092e+05 8.850673836673082551e+05 7.922426060259608785e+05 7.336913448917734204e+05 6.717984838186757406e+05 6.196393442115415819e+05 5.811635776207122253e+05 5.267468469254103256e+05 5.318427771002892405e+05 5.336919476398171391e+05 5.529144669696834171e+05 6.177607857169108465e+05 6.781857346142111346e+05 7.604293493582240772e+05 8.983221919433986768e+05 1.018244846033684560e+06 1.196703840906198602e+06 1.353065417189188069e+06 1.569705983090385795e+06 1.761026609264516970e+06 1.987719664748469368e+06 2.267134280794166028e+06 2.448346533747091424e+06 2.731114723654329777e+06 2.976126550745733548e+06 3.309747544966674410e+06 3.644067555516179651e+06 3.781552953399343882e+06 4.145840884652529377e+06 4.470978319992747158e+06 4.648944809115305543e+06 5.066327702471007593e+06 5.357246773564303294e+06 5.663274178857888095e+06 5.974581853323908523e+06 6.386953297987702303e+06 6.624107112873220816e+06 7.030824026053122245e+06 7.213630606134569272e+06 7.702974676552401856e+06 8.011306854099649005e+06 8.265753737869450822e+06 8.652300176042772830e+06 8.961247632381014526e+06 9.105119402940019965e+06 9.569977616819612682e+06 9.730661534134168178e+06 1.010194902124749683e+07 1.062509217246345803e+07 1.080806353279075213e+07
9.852782203399423743e+05 9.114530136227293406e+05 8.355759051592129981e+05 7.931216681743041845e+05 7.475299611126763048e+05 6.908089870935979998e+05 6.649262922452351777e+05 6.389796195947783999e+05 6.347782474475499475e+05 6.385493138711128850e+05 6.682899498782143928e+05 7.211892484822808765e+05 8.026715435994373402e+05 9.076221169418237405e+05 1.028281177372520790e+06 1.195090156434250530e+06 1.327766287365113385e+06 1.483700827616557479e+06 1.755700083513549762e+06 1.931328908929442754e+06 2.245139032202725299e+06 2.512447839585123584e+06 2.731020060265100095e+06 3.006127134700910654e+06 3.328756326364534907e+06 3.547997842891009524e+06 3.841034082846543752e+06 4.207728926468155347e+06 4.529528615604337305e+06 4.794398054826003499e+06 5.190378159093518741e+06 5.441902721493144520e+06 5.802318003308134153e+06 6.109131634644949809e+06 6.505036989314069971e+06 6.796881630345216952e+06 7.166594448779844679e+06 7.475467218061606400e+06 7.781037098398395814e+06 8.169530459342624061e+06 8.381661887997505255e+06 8.895791074178297073e+06 9.125486015261774883e+06 9.486645665083918720e+06 9.837575925675241277e+06 1.015381283281209692e+07 1.045052228068586439e+07 1.096240052780041844e+07 1.131545861488803290e+07 1.153105156586161815e+07
1.034781052938250476e+06 9.421665372130961623e+05 9.214904323694997001e+05 8.665830283853322035e+05 8.071943556039315881e+05 7.907453698488535592e+05 7.468071678525736788e+05 7.018491645110570826e+05 7.213032455027399119e+05 7.591220593189983629e+05 8.025493740585977212e+05 8.620363017584823538e+05 9.674221353238634765e+05 1.062471914891128195e+06 1.226223834873305168e+06 1.371007789286285173e+06 1.584425709140875377e+06 1.754529481721263845e+06 1.920381987806748133e+06 2.188645788378105965e+06 2.421332795199401677e+06 2.693487602240955457e+06 3.010389656707208604e+06 3.291825181353765540e+06 3.553487710604901891e+06 3.867699390906904358e+06 4.128284264086723328e+06 4.550119594992514700e+06 4.934887519252901897e+06 5.157714761101401411e+06 5.523060212229235098e+06 5.849594400274537504e+06 6.196308126811865717e+06 6.691950857259583659e+06 6.894631722986415029e+06 7.179358542045776732e+06 7.747579102908489294e+06 8.029883489670315757e+06 8.462987644058961421e+06 8.681933751486700028e+06 9.105747849085271358e+06 9.477024250465638936e+06 9.772089643039450049e+06 1.022908380844489112e+07 1.052507032170174643e+07 1.090523579523011297e+07 1.116139764682491682e+07 1.178869206995163485e+07 1.187851072919519618e+07 1.212209654853668995e+07
1.026580922118489747e+06 9.938790051883012056e+05 9.831760077126609394e+05 9.558416609429810196e+05 8.950018703019180102e+05 8.745214035214507021e+05 8.374492077262665844e+05 8.465200534651313210e+05 8.461480374122305075e+05 8.579705000530383550e+05 9.434157454975731671e+05 1.007696190050731297e+06 1.086964747681550216e+06 1.218588996211827267e+06 1.358149965047897305e+06 1.543364005829523550e+06 1.776167961221132893e+06 1.957443945083394181e+06 2.181500332316921093e+06 2.413092575244769920e+06 2.703247265564323403e+06 2.923059568781065755e+06 3.230246881961545441e+06 3.619724333274998702e+06 3.845224520379608497e+06 4.214604622465285473e+06 4.533053867736693472e+06 4.829352331945881248e+06 5.273094128328420222e+06 5.633004353482429869e+06 5.874958258427132852e+06 6.376687626387699507e+06 6.659591211416623555e+06 7.006344413936431520e+06 7.509696977088584565e+06 7.773866484376375563e+06 8.142047397798986174e+06 8.552473377148022875e+06 9.038146137090735137e+06 9.227046155402552336e+06 9.741816322997659445e+06 9.933213261481273919e+06 1.028257165645278804e+07 1.066858945704750158e+07 1.113439861419095472e+07 1.152233915643974021e+07 1.189424923910271190e+07 1.231559854964653961e+07 1.277965605323346704e+07 1.306464008962930739e+07
1.058189225834858604e+06 1.024289021955855889e+06 1.018368820569332223e+06 1.018861465772887925e+06 9.734289342316465918e+05 9.653134709426411428e+05 9.415464703952161362e+05 9.736406381769763539e+05 9.640279346550735645e+05 1.025598756099985330e+06 1.080179233463044045e+06 1.149147679700337350e+06 1.268214064873957541e+06 1.372265164493200602e+06 1.524805992009074194e+06 1.752542808739182074e+06 1.935516611484442139e+06 2.170514105399291031e+06 2.388511037431589328e+06 2.694311356188821606e+06 2.979351754364390858e+06 3.208029320345429704e+06 3.503816727401008364e+06 3.899913269441261888e+06 4.223523410298075527e+06 4.565325487329474650e+06 4.938318954810861498e+06 5.174664138259846717e+06 5.539686441015407443e+06 6.023678128342122771e+06 6.406540034046059474e+06 6.823387872474553064e+06 7.142433912874397822e+06 7.534041868296974339e+06 7.972393512241422199e+06 8.157897394556487910e+06 8.758050440084002912e+06 9.201617733451232314e+06 9.505548029020532966e+06 9.978823035522496328e+06 1.019558780961534381e+07 1.072066393312251009e+07 1.106554162482503057e+07 1.154830490908096917e+07 1.182913042419865541e+07 1.219126527322944440e+07 1.280733301079668291e+07 1.306062663497628458e+07 1.355822962466709130e+07 1.393319878115871176e+07
1.109052958841197193e+06 1.101536290716894204e+06 1.082048301971900975e+06 1.057196473919767421e+06 1.081906068838842446e+06 1.082229748270692071e+06 1.061543183469802374e+06 1.081826714615907986e+06 1.102306125874376157e+06 1.166757560659234412e+06 1.246988842254709220e+06 1.298364273268494057e+06 1.430024710594569333e+06 1.588641598894661991e+06 1.737896444430879084e+06 1.925251635519352742e+06 2.198950229587266222e+06 2.404880861333124805e+06 2.683755716551353224e+06 2.918208748373695184e+06 3.239242053148683161e+06 3.525379620029965881e+06 3.879884493323134258e+06 4.200795325486092828e+06 4.561424720562817529e+06 4.839376459512061439e+06 5.243182357486590743e+06 5.715902371704579331e+06 5.912627188036908396e+06 6.300857265245969407e+06 6.802753527353521436e+06 7.398974853427044116e+06 7.710927789383436553e+06 8.058281651714110747e+06 8.523958423893837258e+06 8.818101403352260590e+06 9.416526837144851685e+06 9.616651445061478764e+06 1.014658475517637841e+07 1.034766979916574806e+07 1.102379082061245292e+07 1.127896829757661000e+07 1.192035131540628709e+07 1.199345485194204561e+07 1.263067588412729278e+07 1.297410728110854328e+07 1.338022851812807657e+07 1.384581469438022375e+07 1.419957405698901787e+07 1.477932525441093929e+07
1.164885792008325225e+06 1.125424302811011905e+06 1.157487932473861147e+06 1.170418033364719246e+06 1.167674428566243965e+06 1.190552357214588206e+06 1.225802320123835700e+06 1.221160924824304646e+06 1.247618576943205204e+06 1.298903064134347020e+06 1.400832245782474987e+06 1.497885518917178269e+06 1.616667751557932235e+06 1.780211759235235397e+06 1.951852234767890302e+06 2.155963264122308232e+06 2.369681756644871552e+06 2.654104829091529362e+06 2.911861634101807140e+06 3.205352310455305036e+06 3.490321521914943587e+06 3.905841820951001719e+06 4.233130300692397170e+06 4.563503349871100858e+06 4.865536141277249902e+06 5.191026903117421083e+06 5.709107553740547039e+06 6.071682140460882336e+06 6.398455594572649337e+06 6.884975317809916101e+06 7.109509954259785824e+06 7.785850125718099996e+06 8.013252988177379593e+06 8.636382238371087238e+06 9.111230275293570012e+06 9.295508384199377149e+06 9.862991359792850912e+06 1.042748425890911743e+07 1.068616638646460325e+07 1.117657590080218576e+07 1.150482934445465170e+07 1.193755104306175932e+07 1.255769699351390637e+07 1.307173770591884293e+07 1.332346698133999668e+07 1.359987446669925563e+07 1.410209580058706552e+07 1.489524666174611263e+07 1.499513241771813110e+07 1.545606690430826694e+07
1.186603969963300042e+06 1.199147451812226092e+06 1.212342267602805980e+06 1.236538118531293934e+06 1.278108997704580892e+06 1.294831914181340253e+06 1.323868587782838149e+06 1.347106409252260579e+06 1.419808101520120166e+06 1.464665432288726792e+06 1.585100564371826826e+06 1.667243598799246131e+06 1.849014131378068822e+06 1.979238715762530686e+06 2.207931116136876401e+06 2.415360591556896456e+06 2.634743405381707009e+06 2.922375911208249163e+06 3.163775809366699774e+06 3.513670258266897872e+06 3.757520044812342152e+06 4.164876391451440752e+06 4.509385872210984118e+06 4.854398471426682547e+06 5.271021543876486830e+06 5.580769778973971494e+06 6.072483813826316036e+06 6.447035104655167088e+06 6.960176892632926814e+06 7.215740025584272109e+06 7.838371606436288916e+06 8.059449198009357788e+06 8.671791405763432384e+06 9.146207624525059015e+06 9.532663712397411466e+06 1.013535061471097544e+07 1.031496016697701253e+07 1.099252476746049523e+07 1.143646191135591455e+07 1.184078705819155648e+07 1.249209071820759587e+07 1.293535205233051442e+07 1.325002091380936094e+07 1.361724036364579573e+07 1.406040527882499807e+07 1.463606698118638061e+07 1.526399918315843120e+07 1.560664013486726582e+07 1.607871556908197142e+07 1.639598698005933873e+07
1.212246800520431716e+06 1.256675505181301152e+06 1.253352544728156878e+06 1.338001299599401886e+06 1.378168283602679148e+06 1.421014050684015034e+06 1.461751951336009428e+06 1.524822871718706796e+06 1.558994572774698492e+06 1.636239482013083063e+06 1.753415868086210219e+06 1.888914502276186598e+06 2.023031430575368227e+06 2.209605631833973341e+06 2.438057769255323336e+06 2.633667522544869222e+06 2.902030486093198415e+06 3.167963093873802572e+06 3.501154173014352098e+06 3.772156829004410654e+06 4.208222223098505288e+06 4.563953251582430676e+06 4.967889231209159829e+06 5.306624436437834986e+06 5.708117396891072392e+06 6.023299250200634822e+06 6.483444808974451385e+06 6.982224174812822603e+06 7.403983197335661389e+06 7.880472472094514407e+06 8.342758377729045227e+06 8.822220389915879816e+06 9.297359254207031801e+06 9.554842059555221349e+06 1.007652023437653109e+07 1.078624794257825427e+07 1.118854206711093336e+07 1.156506270339821093e+07 1.193869892264127545e+07 1.256065261733828671e+07 1.316824471165507659e+07 1.350296841527395882e+07 1.402044093906219676e+07 1.422646360907145031e+07 1.497993381660103612e+07 1.530882151705448516e+07 1.585516328663404286e+07 1.653590680198401958e+07 1.679305299845201522e+07 1.726752756466599926e+07
1.260722520779907703e+06 1.322849590110607678e+06 1.375665860139068915e+06 1.447163947266763076e+06 1.501436116329569602e+06 1.556007969702170929e+06 1.623210122759274906e+06 1.663549411759253824e+06 1.742674840665063355e+06 1.824648764723050175e+06 1.950732812002347549e+06 2.097398139159186743e+06 2.285640986278289929e+06 2.524260181680373847e+06 2.669357300321022514e+06 2.931587722653197590e+06 3.216206672435670160e+06 3.384883044266416691e+06 3.825290257686264813e+06 4.154292756916693877e+06 4.527113417533359490e+06 4.858613131309505552e+06 5.393477994463896379e+06 5.691154125201552175e+06 6.096640293533036485e+06 6.510176137515963987e+06 6.939853129179293290e+06 7.401187071669118479e+06 7.870997752801827155e+06 8.372818722364010289e+06 8.775728904754919931e+06 9.215265405146045610e+06 9.938863544735759497e+06 1.038109516135472804e+07 1.075541042353511974e+07 1.136541988590405695e+07 1.183422284418319911e+07 1.228311920980369486e+07 1.300385282246497832e+07 1.343769524960465729e+07 1.399646272323038988e+07 1.425510882840511203e+07 1.471479096950876340e+07 1.526762473438327201e+07 1.587722082513543777e+07 1.635103790032161586e+07 1.685949000466866419e+07 1.710048231221840903e+07 1.780867473301598057e+07 1.833311432237555087e+07
1.305328754937968450e+06 1.370849440576726571e+06 1.472498986293133115e+06 1.554708438953854842e+06 1.619189180933193071e+06 1.698889588713760721e+06 1.725997697692327201e+06 1.843275403366384096e+06 1.936759957433605567e+06 2.063533143878289266e+06 2.171261574838906992e+06 2.281766139806042891e+06 2.511809524343096651e+06 2.653887201291973237e+06 2.959600029974482954e+06 3.076183956598214339e+06 3.414228286714136600e+06 3.787951925933954306e+06 4.149439441335155629e+06 4.478652699286549352e+06 4.896486965529270470e+06 5.176366323205705732e+06 5.624407224879351445e+06 6.128777114063943736e+06 6.463578481469045393e+06 6.990383409822111949e+06 7.431821652039340697e+06 7.970631165472590365e+06 8.572158379577446729e+06 8.808904874221375212e+06 9.446534012507978827e+06 9.770427100831124932e+06 1.029907020464333147e+07 1.093895899937360361e+07 1.138907126020046882e+07 1.201637617186267860e+07 1.244450379623610340e+07 1.299128223298421130e+07 1.348908163897098228e+07 1.388176738058428280e+07 1.461928078253955394e+07 1.497431435445926525e+07 1.566664169502733834e+07 1.618585596140802465e+07 1.662135702512823790e+07 1.722141953778139874e+07 1.757050938380245119e+07 1.821936647068174183e+07 1.879044503451565281e+07 1.908523679036218300e+07
1.381610317417586921e+06 1.452061755700025940e+06 1.567654642289404524e+06 1.651833893913149601e+06 1.734930785846492741e+06 1.832638007981616072e+06 1.889608720448271139e+06 2.042181138993786415e+06 2.144530007379355840e+06 2.268222330188326538e+06 2.385867865782371722e+06 2.502890432877760846e+06 2.761685615401031449e+06 2.945938737229744904e+06 3.124012348781410605e+06 3.497826502008302137e+06 3.690716487903916277e+06 4.032315455787848216e+06 4.490811785879138857e+06 4.794788770887829363e+06 5.195595597360582091e+06 5.531394827876771800e+06 6.000823810829212889e+06 6.426783885895767249e+06 7.057778101900533773e+06 7.439582223419288173e+06 7.975356689122401178e+06 8.431017336122002453e+06 8.949989323407163844e+06 9.426175425189569592e+06 1.012125740846133605e+07 1.056211873041533679e+07 1.095509900111082010e+07 1.145774522765094787e+07 1.201279612535306625e+07 1.277881612437384389e+07 1.312904099491735175e+07 1.367406753315705247e+07 1.413234758085794561e+07 1.482241363880765624e+07 1.544391363984227926e+07 1.597339756987433508e+07 1.645150256295512989e+07 1.680036795489299670e+07 1.759454425415981933e+07 1.805687503468473256e+07 1.852973558779393509e+07 1.897116389458143711e+07 1.955756083306531236e+07 2.033655585793929547e+07
1.409146330973282689e+06 1.524238375880779000e+06 1.580166978213734925e+06 1.720696257365741301e+06 1.876416525936012389e+06 1.980319756612025201e+06 2.064203059589087497e+06 2.251832039882926736e+06 2.319671594465033151e+06 2.452766538889381103e+06 2.596291731264268979e+06 2.789674190174888819e+06 2.960048408469992690e+06 3.254440992441506591e+06 3.481265883591994643e+06 3.742844847759572323e+06 4.117967932748971041e+06 4.477208705658077262e+06 4.876844225472310558e+06 5.084216689438963309e+06 5.598314640502538532e+06 5.989080529561283067e+06 6.492461054246009327e+06 6.910515128339801915e+06 7.387723935928267427e+06 7.876634404842428863e+06 8.390979627202220261e+06 8.807907116214573383e+06 9.419472452959192917e+06 1.012382265492257103e+07 1.045026187671098858e+07 1.109080760114194639e+07 1.167147888342511654e+07 1.198534837921957672e+07 1.285230557333623432e+07 1.328535847191876732e+07 1.372910376019012369e+07 1.449938080550393462e+07 1.485638184489064477e+07 1.568946242174818181e+07 1.613646690238498524e+07 1.680283606313475594e+07 1.725571466458375007e+07 1.793878320317047462e+07 1.834021882221890613e+07 1.898058476087667048e+07 1.942627722536351532e+07 2.003434233415456116e+07 2.049971785087050870e+07 2.125129668496329337e+07
1.487017895490190247e+06 1.584149190740138059e+06 1.725296782593270764e+06 1.896132530366374645e+06 2.042967737761507276e+06 2.183622420223079622e+06 2.280333128305916674e+06 2.417562769015393220e+06 2.542275953723943792e+06 2.668010685598771553e+06 2.879304477106078528e+06 3.026667367313333787e+06 3.224700393330343999e+06 3.552576679261050187e+06 3.731992224791651592e+06 4.071103876904315781e+06 4.459703315320872702e+06 4.781590673450962640e+06 5.139049547074859962e+06 5.544095295066545717e+06 5.994512350263359025e+06 6.527810241743150167e+06 6.820980919106972404e+06 7.278752595814839937e+06 7.932081403079723939e+06 8.390668900593208149e+06 8.846173966350503266e+06 9.411657136305905879e+06 9.874106379895150661e+06 1.044194419168137945e+07 1.098235061671075039e+07 1.162461021531404741e+07 1.228198242781063356e+07 1.288064283722675033e+07 1.330544205048230849e+07 1.389032014673658088e+07 1.468742234069470689e+07 1.523968601255791448e+07 1.588936049842843972e+07 1.660190496667156741e+07 1.702729445266113058e+07 1.747600693721482903e+07 1.843639717648907751e+07 1.883260868054797500e+07 1.927233439216893539e+07 1.993456210356004164e+07 2.045108481897963211e+07 2.118955021858562902e+07 2.181441536808559299e+07 2.257373150312464684e+07
1.480945070896356599e+06 1.651992823506875196e+06 1.834675708398303250e+06 2.024636443310118979e+06 2.154647369580018334e+06 2.309723202371962834e+06 2.459427981859260704e+06 2.552941931318745948e+06 2.747408480925986078e+06 2.919513811376072001e+06 3.092764643519903533e+06 3.232591343589543365e+06 3.535044453308416065e+06 3.813574413872757461e+06 4.118892902447114233e+06 4.410430619234123267e+06 4.757146921216021292e+06 5.106131433275542222e+06 5.435419632425041869e+06 5.981545180068402551e+06 6.389985816651069559e+06 6.884874805770675652e+06 7.400367780355039053e+06 7.825625794636590406e+06 8.322911015565161593e+06 8.968863572785008699e+06 9.374128993718156591e+06 1.006244010078260116e+07 1.058714285661477968e+07 1.119122983747977950e+07 1.157671515273619629e+07 1.250309636691651307e+07 1.284115105179518089e+07 1.362091202924121730e+07 1.419945393764862418e+07 1.493086919447916187e+07 1.525618595126923732e+07 1.599150113610567525e+07 1.670636635859197751e+07 1.736507743537632003e+07 1.758222366237908602e+07 1.824639591196533665e+07 1.907485391750377417e+07 1.951390708210657164e+07 2.038404212730129436e+07 2.080813840774968266e+07 2.145300714855425432e+07 2.226148204960622266e+07 2.273576560929352045e+07 2.362531729226616398e+07
1.571036462589348666e+06 1.721794829360521398e+06 1.947384461671745172e+06 2.143522259323064238e+06 2.298828409948606044e+06 2.493319059081008192e+06 2.660896603984570131e+06 2.796066769606234506e+06 2.953606411100565456e+06 3.182463516025247052e+06 3.392090403099107090e+06 3.603257763477195986e+06 3.832178232548108324e+06 4.096834120982646476e+06 4.443611041360518895e+06 4.714499039388108999e+06 5.073355555346824229e+06 5.367703377401162870e+06 5.960980086920205504e+06 6.369113148110628128e+06 6.800165742459290661e+06 7.277012919270749204e+06 7.973460606198576279e+06 8.368140015553076752e+06 9.073363535130025819e+06 9.492218411391414702e+06 9.962526779807066545e+06 1.069761154640050791e+07 1.115366260526211560e+07 1.176846778638129681e+07 1.241010281553302333e+07 1.310239532312564738e+07 1.345072788574957661e+07 1.429786000028914213e+07 1.486608385700819455e+07 1.537291148454136401e+07 1.625036524377784878e+07 1.673454041629711911e+07 1.716519564383797720e+07 1.798442380488267541e+07 1.837083877974278480e+07 1.932197818891932070e+07 1.979903512758880109e+07 2.054571518576198071e+07 2.126198611217187345e+07 2.178612478998660296e+07 2.247672373176717758e+07 2.323428587666197494e+07 2.362296631655457616e+07 2.432191586560026556e+07
1.617554937008915003e+06 1.797484929119045613e+06 2.062811271846210351e+06 2.233794160848021507e+06 2.402150034515943844e+06 2.667159237499370705e+06 2.825134276754247490e+06 3.013692556233040057e+06 3.200145526296451688e+06 3.396432848182779271e+06 3.629552514521959238e+06 3.840988079107270576e+06 4.066568317097772378e+06 4.408763394103858620e+06 4.702740775222198106e+06 5.071042635989225470e+06 5.416769704202046618e+06 5.844761847631507553e+06 6.249939534052425064e+06 6.762225613212061115e+06 7.161719784955887124e+06 7.731500536019003950e+06 8.215319959899631329e+06 8.932397490018866956e+06 9.333097434347497299e+06 1.004641731089863181e+07 1.057389314484106377e+07 1.115705866007346101e+07 1.164142131231288053e+07 1.225686136140636727e+07 1.307175728748009913e+07 1.370581467258246988e+07 1.443120705384114943e+07 1.506946863997259736e+07 1.560604749621387385e+07 1.644217028650453873e+07 1.692462362941070274e+07 1.765584300174063817e+07 1.836887481243858114e+07 1.886515357717834413e+07 1.951631634658246115e+07 2.033684173089270666e+07 2.110279194620072842e+07 2.179577799690991640e+07 2.234259794770643115e+07 2.302835025580210239e+07 2.379760269295942411e+07 2.415410613368344307e+07 2.492589793914522231e+07 2.575563960478517041e+07
1.679318502179703442e+06 1.900252883152950788e+06 2.144175517683434300e+06 2.437257902558709495e+06 2.626522887878188398e+06 2.863546798326293007e+06 3.014695243209426291e+06 3.286998232326626778e+06 3.445363771781374700e+06 3.670084747627418954e+06 3.898031243035604712e+06 4.165177705657680985e+06 4.419928484764774330e+06 4.784185421867235564e+06 5.023465579180402681e+06 5.435900596714934334e+06 5.828409547517977655e+06 6.299926036141289398e+06 6.777572734087887220e+06 7.155607867352183908e+06 7.666139668015008792e+06 8.162104966335517354e+06 8.699791951368123293e+06 9.423022277972575277e+06 9.934015170150648803e+06 1.064746590060516633e+07 1.111487519673929736e+07 1.167157081191131473e+07 1.235981409549024142e+07 1.307418802979277819e+07 1.378953013516984135e+07 1.413761591548895463e+07 1.529858341158244200e+07 1.588725293977759778e+07 1.640969600740331225e+07 1.710733920112614334e+07 1.801607371482593939e+07 1.837723564806431904e+07 1.910645657005532458e+07 1.989476672099278867e+07 2.051333810738437995e+07 2.126242266272258013e+07 2.197314935975978151e+07 2.261102315015483275e+07 2.355385646384079382e+07 2.397531608265772834e+07 2.482604029860716313e+07 2.539042817028951272e+07 2.610049690742535517e+07 2.712724328265096247e+07
1.724059484435477993e+06 1.984007853934012586e+06 2.259674996852882672e+06 2.524074252828808501e+06 2.705668894016386475e+06 2.980612977356162388e+06 3.277360231881887652e+06 3.488741424634658266e+06 3.703040524743371177e+06 3.961645426348017063e+06 4.209575354912444018e+06 4.453421492374240421e+06 4.778891886808224954e+06 5.084531764866870828e+06 5.471715627782003954e+06 5.851872132228479721e+06 6.226211766132553108e+06 6.727349126939333044e+06 7.200027590150307864e+06 7.593209304355736822e+06 8.175471027076491155e+06 8.706638509367341176e+06 9.415884245190866292e+06 9.963930110721591860e+06 1.064797503902681172e+07 1.112789500819877721e+07 1.194138852759446390e+07 1.237805158415431343e+07 1.298731421215281263e+07 1.368233000341743603e+07 1.442607384101275355e+07 1.502347818193580210e+07 1.605571156147704273e+07 1.652860782210299000e+07 1.704652776823435351e+07 1.805648550846240297e+07 1.881192611182646453e+07 1.921254053900265694e+07 2.012915145454957709e+07 2.053487515104912966e+07 2.127632427543255314e+07 2.196508092570337653e+07 2.292265348721030727e+07 2.332145112540332228e+07 2.413209179877629131e+07 2.521735691900900006e+07 2.581413735866805911e+07 2.667548734727275744e+07 2.755594001682467386e+07 2.799234233695194125e+07
1.818194812914489070e+06 2.089088440581124509e+06 2.378975032742812298e+06 2.621189051812606398e+06 2.932009226673585363e+06 3.282363439024677500e+06 3.466415457152996678e+06 3.722875527691561729e+06 3.974728723146603908e+06 4.184845591687395703e+06 4.494671649581925012e+06 4.753766615806186572e+06 5.131024690400189720e+06 5.544023919415005483e+06 5.793824169614991173e+06 6.221444393125957809e+06 6.705936400487584062e+06 7.059122317315914668e+06 7.571191342228684574e+06 8.026898773658193648e+06 8.667594882782774046e+06 9.310951803928161040e+06 9.873143249812852591e+06 1.048892946635137126e+07 1.125392319703427330e+07 1.177810115933592245e+07 1.242146891043653339e+07 1.321040476477819309e+07 1.391084244205914065e+07 1.441358437485315278e+07 1.532590612196488492e+07 1.615273063229289278e+07 1.655883660745112412e+07 1.735892871249041334e+07 1.793004146650366485e+07 1.868464703544644639e+07 1.973427304733265936e+07 2.034763087717250735e+07 2.089188270924092457e+07 2.141110203895391151e+07 2.276698966196708754e+07 2.342867745029901341e+07 2.424158100833737850e+07 2.465888833506447449e+07 2.536728880909377709e+07 2.596277564818551764e+07 2.689493373036628217e+07 2.768241982292646915e+07 2.850800816533949599e+07 2.903114938067579269e+07
1.863593213191066636e+06 2.158290025545018259e+06 2.509716638475011103e+06 2.817194744421089999e+06 3.091010013683544006e+06 3.491735081593363546e+06 3.761862422794620506e+06 3.914488231293142773e+06 4.206301620682121255e+06 4.481987587160284631e+06 4.819298244761057198e+06 5.097619949375611730e+06 5.417782811664354056e+06 5.766545095517559908e+06 6.165727116471894085e+06 6.529885321648763493e+06 7.005079121819809079e+06 7.558005487428811379e+06 8.097492493460646830e+06 8.673117841270359233e+06 9.231979592706626281e+06 9.851217121864760295e+06 1.033702266888749227e+07 1.128109265179681778e+07 1.175636700617025979e+07 1.221138252578631788e+07 1.293929864896384068e+07 1.363466624414870888e+07 1.440706095478016138e+07 1.510799836326500028e+07 1.587161951698413119e+07 1.654343970180439390e+07 1.737452690073819458e+07 1.801258822077654302e+07 1.877334706317765266e+07 1.982948580807555839e+07 2.014760615566088259e+07 2.108763115543402731e+07 2.148428153533773869e+07 2.264811314417378604e+07 2.349473330493851751e+07 2.451154306545284763e+07 2.530930473591578007e+07 2.566141648880252242e+07 2.665852606954762340e+07 2.701885256559610367e+07 2.820856211145686358e+07 2.875280979783321172e+07 2.955642145677411929e+07 3.038590674618439004e+07
1.974587011913939146e+06 2.289701858931008261e+06 2.635921999605672434e+06 2.985785528562977444e+06 3.271250743406455498e+06 3.672566674292196054e+06 3.913645257427690085e+06 4.236022840314679779e+06 4.449831362544710748e+06 4.836806985778946429e+06 5.099872962830552831e+06 5.452282672368768603e+06 5.798429035839255899e+06 6.233597207655174658e+06 6.688516350766612217e+06 7.000175219418417662e+06 7.436715593114911579e+06 8.001337136026373133e+06 8.527176482800487429e+06 9.077109339338283986e+06 9.705837916057640687e+06 1.035535112321129069e+07 1.090770780113801546e+07 1.167560507462819852e+07 1.223593624551924318e+07 1.303824107163808309e+07 1.376014958791662753e+07 1.441140493767895177e+07 1.509218786509348266e+07 1.583525520708137378e+07 1.659157086047047563e+07 1.734126186949389800e+07 1.819838505071569979e+07 1.894555944119684771e+07 1.974700093813535199e+07 2.028837917967742309e+07 2.131784259853626788e+07 2.222313790929513052e+07 2.292498503746125102e+07 2.388679993420231342e+07 2.453237725864576176e+07 2.563109564669119567e+07 2.609400224626539275e+07 2.716116270102343708e+07 2.793740258430046961e+07 2.858093599340328947e+07 2.920024620064241067e+07 3.035484833754617721e+07 3.099166853520639986e+07 3.148357301336720586e+07
2.020402558702102862e+06 2.318157802292153705e+06 2.764284650225820951e+06 3.132881932997044176e+06 3.457235983376810327e+06 3.792545609639598057e+06 4.176740761921640020e+06 4.541127733527039178e+06 4.811064881381430663e+06 5.144199630859394558e+06 5.436169915711455978e+06 5.746434525351719931e+06 6.108408582239616662e+06 6.505092466467029415e+06 6.975986809881486930e+06 7.404668360986107960e+06 7.951800649688023143e+06 8.513692805519329384e+06 8.986771349166443571e+06 9.613192233999254182e+06 1.039413556784436665e+07 1.082619048678075336e+07 1.138130286523942463e+07 1.224437550259946659e+07 1.287104690727868117e+07 1.353986343911501206e+07 1.420060386840862967e+07 1.501738587346225604e+07 1.585584539079321735e+07 1.652612719910432026e+07 1.745082970836295187e+07 1.809648414030686393e+07 1.883523619202867523e+07 1.978226009215001762e+07 2.074376210095731169e+07 2.136799121437276527e+07 2.256897551068183407e+07 2.339212984504784271e+07 2.403824821475512907e+07 2.477721709928641841e+07 2.518797876663611084e+07 2.645915732588556036e+07 2.717714972002039105e+07 2.798689824563545361e+07 2.878209983478070796e+07 2.916221199732747674e+07 3.049922823015759140e+07 3.144498162964101881e+07 3.231235428102273121e+07 3.290466733078772947e+07
2.054192388315622695e+06 2.493097707920663059e+06 2.900317663567217998e+06 3.243228421746434644e+06 3.661548604743551463e+06 4.130461525260483846e+06 4.435925946551584639e+06 4.686489582365279086e+06 5.099013296575400047e+06 5.522919842600667849e+06 5.798513242294929922e+06 6.137756802754978649e+06 6.514061690178168938e+06 6.893432730050478131e+06 7.403765610958006233e+06 7.878127361117874272e+06 8.371395655145782977e+06 8.951249918622773141e+06 9.537424917207913473e+06 1.016081107174122334e+07 1.099618248241999373e+07 1.134229772887724452e+07 1.201910645031248219e+07 1.266929279819860868e+07 1.349534379256327450e+07 1.436902997526376322e+07 1.509194374349982478e+07 1.573424223261441849e+07 1.665565278957615420e+07 1.740486753476298228e+07 1.813937531066499650e+07 1.916081857583063096e+07 1.955615358475073054e+07 2.042422829881329089e+07 2.154263088826056942e+07 2.241660476919256523e+07 2.294779499846235290e+07 2.398018258727419749e+07 2.471763697299893573e+07 2.588357074805037677e+07 2.657842873378119618e+07 2.748707967342843488e+07 2.855779688645035774e+07 2.905808740962300450e+07 2.998303434349255636e+07 3.099745455138329044e+07 3.140871022455916554e+07 3.250115695850661770e+07 3.308814129094135016e+07 3.419749815534659475e+07
2.131770654864554759e+06 2.596257648370031733e+06 2.994165154237700161e+06 3.450281908220701851e+06 3.882090342938879505e+06 4.290945407316255383e+06 4.757476690511364490e+06 5.080448106192422099e+06 5.384035042401324026e+06 5.696330324952485040e+06 6.102510202914861962e+06 6.537249226512318477e+06 6.933544256010924466e+06 7.425327566400149837e+06 7.883121937402656302e+06 8.261355720552516170e+06 8.863976161522222683e+06 9.425894220648497343e+06 1.000516952984199300e+07 1.073766229109359533e+07 1.136082459936523438e+07 1.198367030778918229e+07 1.282618130156704783e+07 1.353321486517392099e+07 1.425688453357732855e+07 1.497200520097728819e+07 1.571980428996343724e+07 1.653980339267029054e+07 1.741155550704525039e+07 1.802728529313015565e+07 1.876748843750394508e+07 2.008459214492874593e+07 2.077277270956359059e+07 2.157135613130314648e+07 2.270873937702428922e+07 2.327558680211975053e+07 2.393105724760845676e+07 2.513095331752915680e+07 2.613636228316544741e+07 2.689183804576941207e+07 2.795777054237553105e+07 2.816626823777410015e+07 2.953711265986274183e+07 3.025153250939524919e+07 3.143456412602872774e+07 3.234542269411446154e+07 3.318368792156157643e+07 3.399233436604014784e+07 3.464449565452624112e+07 3.546544406482748687e+07
2.210950156406003982e+06 2.640292860808639321e+06 3.114054370774553623e+06 3.665782492361072917e+06 4.129231332443004940e+06 4.455955648127523251e+06 4.911667179297399707e+06 5.275322087018616498e+06 5.709294588991700672e+06 6.038520744115009904e+06 6.407960187092909589e+06 6.941416389585902914e+06 7.214969946927910671e+06 7.743837289203477092e+06 8.290444595720681362e+06 8.709213550209933892e+06 9.320855461918830872e+06 1.003778676170356572e+07 1.054880613424171507e+07 1.115789309867376089e+07 1.185348302052782103e+07 1.248373664763505012e+07 1.337963424448027834e+07 1.404839285281026363e+07 1.498292757170642540e+07 1.564571370057141036e+07 1.630774907121777162e+07 1.737485106338594481e+07 1.806296675598970801e+07 1.912811422631729394e+07 1.994615991410271078e+07 2.034701384983675927e+07 2.170600812003555521e+07 2.275054172523928434e+07 2.357052286961116269e+07 2.423328683644010872e+07 2.539873304025671259e+07 2.602131051672927290e+07 2.690844523869290948e+07 2.760590075455500931e+07 2.885912447150376439e+07 2.952692435367003456e+07 3.071572624289087951e+07 3.143473828371548653e+07 3.254047707517355680e+07 3.347772232859904692e+07 3.441933837873163819e+07 3.496171424234732240e+07 3.636890495268692076e+07 3.729367737656075507e+07
2.283649073775130324e+06 2.741079098935199436e+06 3.404465835433941800e+06 3.877448406878266484e+06 4.293818319341744296e+06 4.762535573232258670e+06 5.148026687010361813e+06 5.598427982080653310e+06 6.161968066952486522e+06 6.434346853635822423e+06 6.905685289331567474e+06 7.368496656600092538e+06 7.865603877553411759e+06 8.130690995960627683e+06 8.739011890415441245e+06 9.305244425535129383e+06 9.881667445173926651e+06 1.043048561869496666e+07 1.100932976866739802e+07 1.178929905969179980e+07 1.246186254807756282e+07 1.319304624012511410e+07 1.393695168323699571e+07 1.474542359163064510e+07 1.547807975447112508e+07 1.653527609753803350e+07 1.696655328682038933e+07 1.808794568109448627e+07 1.881184540467214212e+07 1.991958439019058645e+07 2.081106468142553791e+07 2.154412363152346760e+07 2.272045972206587344e+07 2.330871141895151138e+07 2.418374482242600247e+07 2.548869585590175912e+07 2.633048341295500472e+07 2.724286120926034078e+07 2.804229514751153812e+07 2.866405839244750515e+07 2.969415807329221442e+07 3.085266390207577869e+07 3.166850642401191592e+07 3.277695840585977957e+07 3.387690313653112203e+07 3.477931449817865342e+07 3.528231923861601949e+07 3.686780702919594198e+07 3.771351308708021045e+07 3.862312478492590040e+07
2.366354048411700875e+06 2.907078512904583942e+06 3.417584603383664042e+06 4.013209517904635984e+06 4.480918482116067782e+06 5.078628461671539582e+06 5.491884759161821567e+06 5.910150942577691749e+06 6.448614918482306413e+06 6.733824479111449793e+06 7.167674527160231955e+06 7.697625263202491216e+06 8.143958010374600068e+06 8.698806605728894472e+06 9.235241756484553218e+06 9.784097412300150841e+06 1.045598915703398921e+07 1.105227642856129445e+07 1.182807834579638951e+07 1.236097917291926779e+07 1.307322997114396282e+07 1.397517413143534772e+07 1.447771004504169151e+07 1.526647206529577076e+07 1.620824764739566483e+07 1.699798875537722185e+07 1.789798322799884900e+07 1.894300556295640767e+07 1.985120847039509565e+07 2.066903634634676203e+07 2.156626559311328828e+07 2.240342742421831936e+07 2.361870763926205412e+07 2.455174818999902159e+07 2.507931484137501940e+07 2.631645607241181284e+07 2.737133367155509070e+07 2.820474431723001599e+07 2.916430419628129154e+07 3.009874853600494936e+07 3.076377690213670209e+07 3.230408387648868188e+07 3.329811550205224752e+07 3.383377220882282406e+07 3.495021514717017859e+07 3.605760324707935750e+07 3.733332592307163775e+07 3.779113577355969697e+07 3.906874673320613801e+07 4.017039425764057040e+07
2.540053013545055408e+06 3.009759153582679108e+06 3.621956301800738089e+06 4.157156340554171707e+06 4.696602336087021977e+06 5.319806515165204182e+06 5.796166109834499657e+06 6.329845316006537527e+06 6.726284518963029608e+06 7.192413338269758970e+06 7.589823526311186142e+06 8.093804367930239066e+06 8.572400304381422698e+06 9.083421053253009915e+06 9.835581869988773018e+06 1.030865240159951709e+07 1.088465442161849141e+07 1.157132189098735154e+07 1.223829739967898838e+07 1.305808806774566509e+07 1.377012207893961109e+07 1.473533021760416403e+07 1.540506702556926385e+07 1.605841287336392514e+07 1.686802240808384493e+07 1.806363457125112787e+07 1.866151881195012107e+07 1.973448292061339319e+07 2.043171143432703987e+07 2.133933985591363534e+07 2.261127374969662726e+07 2.348471338550879434e+07 2.432040168146357685e+07 2.528762198263248801e+07 2.629778080140852183e+07 2.739650354726846889e+07 2.827217307630023360e+07 2.922300464222971350e+07 3.054750876844031736e+07 3.132486613241488859e+07 3.200827129777882621e+07 3.320301149753595889e+07 3.418851348478771746e+07 3.549047803182525933e+07 3.610177719241876155e+07 3.739233984707533568e+07 3.819494748151637614e+07 3.949683858580758423e+07 4.035717299077557027e+07 4.112358971953839064e+07
2.508555013103536796e+06 3.156233689317476936e+06 3.742732460517046973e+06 4.339543267960360274e+06 4.976760666087762453e+06 5.549391394524424337e+06 6.050013159188944846e+06 6.526016383396157064e+06 7.084772901178900152e+06 7.541593428741584532e+06 8.018557641402979381e+06 8.561484586532432586e+06 9.060293456258550286e+06 9.530403521951824427e+06 1.022437899063112587e+07 1.061006234700043872e+07 1.147684085409770347e+07 1.207738399856203236e+07 1.275926527418117225e+07 1.371203920012928173e+07 1.436961114529369585e+07 1.503721808906787634e+07 1.602093400591534376e+07 1.682364470042581484e+07 1.761631246398365125e+07 1.882488662213171273e+07 1.964125585559875518e+07 2.082680006111730635e+07 2.132079319739682227e+07 2.236882749308716878e+07 2.310516239493399486e+07 2.453871183573974669e+07 2.531384553160519153e+07 2.625871434774720669e+07 2.740272888181620836e+07 2.815633684759183973e+07 2.905814017404277995e+07 3.026282502539896220e+07 3.148638315939707682e+07 3.246641223185190558e+07 3.349127414646229893e+07 3.468406797969898582e+07 3.560794058624786139e+07 3.683128908581924438e+07 3.742345966909173131e+07 3.893078520348057896e+07 4.006129252947510779e+07 4.087096279525221884e+07 4.163079960840043426e+07 4.256017365510322154e+07
